These are the coordinates that were manually extracted from the image 

Image      LeftEye  RightEye TipNose CenterMouth

S1_1        26 51    63 50   45 70   44 88
S1_2        30 44    75 43   65 66   58 85
S1_3        24 48    62 45   44 72   45 89
S1_4        15 45    58 41   27 63   32 82
S1_5        33 44    74 42   68 63   63 83
S1_6        13 47    54 44   26 66   30 85
S1_7        23 45    62 43   43 59   43 79
S1_8        28 46    65 43   49 65   48 84
S1_9        30 37    67 35   52 48   52 72
S1_10       34 52    74 49   63 76   60 90


S1_1        24 51    59 53   40 68   39 87
S1_2        35 50    68 51   54 66   53 86
S1_3        20 50    56 53   33 66   33 86
S1_4        32 53    65 52   50 69   49 88
S1_5        39 53    73 52   60 68   58 88
S1_6        16 51    50 52   24 67   27 88
S1_7        29 52    61 53   45 69   44 87
S1_8        21 50    57 51   35 66   35 87
S1_9        34 53    68 54   51 69   49 89
S1_10       46 53    77 52   72 68   67 87
